983
8 20
2 0
62 1484083722449
84 148884807342670781
3 0
54 56993950059
74 735651008213915
86 399088079893990528
32 1623196
86 354576878917494723
6 4
18 2389
77 2162640769093147
7 4
59 706673173930
66 21899726136529
7 2
65 14774900602631
77 48043747101998
81 30930020174802113
42 78311210
2 0
83 32289681747294842
31 1213603
61 732545845169
7 6
13 5
29 417475
52 31725178300
26 80292
55 43933210700
68 104973545294
43 16048436
45 966489685
32 1840796
11 3
10 12
81 29178128282481823
79 10729498515233019
13 182
29 206469
80 9333762790260459
53 51304749569
35 7212920
36 4394538
60 1010596339171
88 141024104257334378
12 113
24 34214
25 42141
18 1748
22 8761
26 51252
58 131761919140
9 18
71 143673484341845
72 174371745360254
84 125770800353228519
64 6419182706524
63 2454541994213
82 8379964626193481
72 351319444469603
87 275939896662381986
89 440323268899970570
83 39103935911686885
62 1514014224081
43 135040469
52 4244357828
57 258945895162
53 16168660712
34 1119368
72 374769489602953
77 3039933522817023
68 68977101614145
6 4
31 992868
25 14711
74 1128517793283621
46 318102709
71 69609914633501
57 297852311352
4 0
27 36962
10 26
65 6951174147468
11 73
39 9179664
7 3
44 510325632
19 3988
72 398663632558932
59 679293344552
65 11701084549908
87 500768013286361475
55 96118266326
66 10850045123449
1 0
57 99170929291
52 17893345141
69 27460048881683
9 26
17 904
18 160
71 149257544583723
32 2169027
84 33091740783468135
60 1527284867684
32 2012890
54 83159959826
26 89930
22 6976
66 13178289425025
72 41274785217286
53 28716217760
4 2
50 10873921053
86 8696300540972053
78 2944113141966035
60 714370243224
58 76938825052
75 1179267108369620
14 118
5 0
59 727268947696
7 9
88 473988134441705439
21 3420
32 1028625
43 388189179
78 3060687101162695
15 130
69 65779957472821
9 14
43 105656216
9 32
68 19079564443813
53 34428477796
47 1916416868
58 550958804444
23 25057
24 28618
20 1968
2 0
45 1112503101
50 5851910799
14 220
45 519164504
17 671
70 118532302730812
87 448783716877198379
81 8463904370501442
44 696241658
85 238341394698897388
71 121355255466349
22 17295
53 1033294444
39 51000874
13 125
64 325408762824
88 40945123579023675
38 7409592
17 1451
21 4750
64 46541104302
58 542371660458
68 52849466455552
86 260830641292187394
31 83881
18 1126
47 1968452408
28 238294
5 1
49 3186097407
32 1411306
17 399
28 133483
16 712
16 857
17 1202
65 14810842293275
26 50601
33 732785
55 91794325208
11 22
48 3503097150
30 779623
49 3380338589
5 0
14 222
56 120834415666
83 50281105818736283
20 2586
47 847514178
69 41260009413731
1 0
15 285
6 2
65 8000693914327
63 2112318259748
3 1
66 21876780020366
19 968
39 12217372
55 57633704755
25 32026
24 23987
7 0
65 3803879432632
87 220491328003623906
49 1335834795
17 516
59 116115235687
88 93401138629110879
82 19334148497769176
85 178676757253877218
20 2874
65 2301569868913
76 2951483615563356
11 57
9 25
33 3464730
78 1939064768477059
38 19859454
48 1085949009
1 0
65 3022077438614
51 15288897182
56 66322132080
67 32064530145633
16 565
6 0
7 8
43 120445484
32 2108421
4 2
42 133395437
72 303518364740874
58 390178162841
69 8488683104682
22 4879
71 260417353881510
56 14172381443
62 318345789173
1 0
82 27504252426887267
27 192261
46 8692664
3 1
33 3325558
43 433037470
78 5699810657504836
8 7
78 7064811749881866
83 6694371322261035
17 544
15 535
74 385790097744237
85 151369092414585138
48 1893104844
79 12384461797420704
77 1432457630357301
56 108570510527
12 104
66 9349825867961
61 2002425354305
34 3876722
56 108428986422
5 1
89 961158820305116701
72 199670916911507
86 162143324064937545
79 7137705893938421
86 143489564720950160
58 439875121587
75 1332527856352970
50 11845231212
51 12997540394
18 1651
21 8692
75 1100030335476169
86 149348942664240481
5 4
81 20421698918246296
40 13449486
54 26494674554
60 507310390291
43 271686282
39 24409367
38 33088800
3 1
78 6408232882442524
67 42857162976357
3 0
3 1
49 6383264763
21 8671
67 39227500421047
65 2876315379364
21 9228
42 227722941
12 26
25 59885
51 7672636634
88 627971569028895422
4 0
54 32526144399
51 9709130350
11 30
70 58330323222708
31 191218
44 233287065
62 2380003018271
6 6
38 10407537
79 6619615583137228
26 83008
4 1
76 1689492063373646
2 0
31 662948
66 11297066841278
34 1441066
18 2004
75 1118546203596239
29 280707
37 19005451
39 52591068
50 6583288938
68 9073486668566
44 375226124
87 459618715636055606
66 17429772780037
16 667
79 12932562733120508
35 5536431
8 16
49 5028839453
87 437621368379095755
26 61105
61 1032160258328
68 5973701494098
56 139211482648
89 1691660268982840445
24 16441
61 2231258926609
61 1137371505202
80 19595610743119957
20 4
62 233527551343
68 3100350923125
81 22195459210986406
49 5714741846
22 14701
70 63366671054045
88 948097850242144982
62 3866341553572
81 32169833384950768
46 169890355
80 22225162810021735
83 89724615774286139
67 11664753940019
51 7555177527
81 21635815218986162
59 457800365593
68 5730066679737
6 3
47 1470829192
24 27329
42 243474694
41 48488015
73 527842419077107
52 13420069873
15 340
40 14268895
1 0
2 0
72 369657931419070
57 51186320379
29 158472
25 51535
84 51392379702932250
52 6849208138
45 983792746
65 16068870429274
22 7434
79 7849371566122134
49 473049475
84 11345414098411853
87 101449042111016586
77 5208204882816980
88 539861540014697189
33 964251
7 12
68 45584434209703
52 23940194157
10 53
63 558525515346
3 1
39 19588088
3 1
24 12454
20 4247
22 7956
73 634797136855979
12 2
23 1042
80 3287433592354669
87 412908518819625205
81 35307437541718508
36 12689479
51 8480484330
45 102197171
43 164975212
11 0
65 9072813620559
71 104727498998470
4 2
71 52765094465244
44 207266839
60 211220066781
57 197245000374
45 79329673
40 85552403
29 97701
17 75
86 132985985031910015
46 504074894
89 1117045564424479194
77 1379979851224105
62 2541029429211
82 12229775906065984
21 8637
12 22
87 168938712981023515
71 295539539169537
31 363372
48 1817516226
17 884
30 668968
48 617795225
78 1850837985733830
65 9883746067290
17 321
58 173526971429
54 62662271714
21 2837
7 3
64 2114578212900
17 499
83 54698646389591828
74 1170941875648198
19 2203
47 2947054501
78 5661205764989011
28 63641
33 2879735
72 343956409084526
31 399044
33 2626718
43 379156697
65 768504340417
18 2043
19 2398
78 165620162906001
71 40289556668137
40 32040821
76 2944049195867374
6 5
64 2795458862689
25 47451
36 10117224
80 9172685588454942
76 219083717959866
44 622869986
27 53532
19 3853
23 17583
44 150018647
72 424395262714992
72 296151939059889
70 138500531834317
29 483031
3 0
59 262433665752
3 0
31 1322002
41 148354643
37 4608083
9 30
10 18
55 113581558135
11 30
40 70310171
79 1015424578611269
59 871556270457
68 65662661127574
89 318782304725149190
59 190855101418
1 0
71 298016724178568
69 35646232306950
24 33131
27 9360
41 80736546
3 0
40 5977389
87 470667296455460930
65 12955929249532
38 35010286
28 59439
39 38236352
19 3102
49 1085286304
7 5
42 56111332
39 19870231
26 72652
4 0
48 985334120
64 194072151991
2 0
62 809547439909
69 68225388375584
69 83763279179037
40 52897461
12 115
64 5460717063598
11 0
29 64354
84 32887067093760415
37 13286003
44 236281561
45 357499212
69 11394750491645
19 2762
43 319744374
28 226546
75 1352989840916699
43 182100163
57 271817391823
63 344011397518
62 3717938752836
18 832
13 108
21 2128
73 249615120197139
85 252533544885583318
33 927313
24 7346
70 146417407026969
41 129119116
56 75722955231
89 970953346206064755
37 22326622
55 132035715778
52 30614597300
59 13395590095
22 1250
59 206071799760
55 83587657300
71 62912887026719
75 1080362813443709
35 5719555
65 7418363717935
42 119666242
72 200161406931883
46 1804193870
77 2167352506677180
79 7527269049765232
57 156438305831
59 551851348630
9 5
37 9936604
64 5555611024217
49 1531277
2 0
72 490762386853494
27 53665
38 37709318
10 2
70 164388791587196
87 119443544587676441
16 985
14 90
64 6145465373336
51 14683885037
79 14019143407700971
13 139
52 3487992522
80 13920680902760070
56 153361253879
36 6600193
27 85292
42 38636527
56 100132886617
37 22583054
85 7010974417676170
2 0
45 156850948
36 4478985
16 885
85 83990987702481164
2 0
16 388
11 21
55 111349860597
6 0
19 396
75 291779748449676
60 487259225375
20 1135
54 38830682709
46 1735546258
28 95107
30 752800
84 68911445136588729
39 61040740
78 8536240117203407
1 0
16 528
1 0
40 70862353
34 1738487
29 465417
8 3
23 17633
69 40819255347076
60 1145859401981
60 1280537217474
73 236922531265307
21 442
2 0
84 90373842762991390
40 89513943
35 901084
48 891695333
63 3815249657386
47 277285315
53 7437676162
48 335085361
4 2
69 42876522494821
60 512843073948
25 3934
36 1636338
17 782
27 194250
86 175841246524412099
80 21016733643378319
46 1327601529
53 38062561993
81 17340515168943891
16 334
74 1151555451079436
14 87
73 517044040165034
86 110359421697804953
21 6079
42 54936348
36 9833837
11 5
12 27
13 149
36 9340761
72 136489477940894
28 253033
85 254089298189404413
64 8847294858606
56 213298273936
74 780808587167436
1 0
25 924
42 160215806
89 733441727006106362
75 427581880199552
15 209
30 434098
64 1033087245452
71 6093431065987
56 111163198778
1 0
20 27
12 52
55 79653302306
43 317708855
16 570
77 3516278704622849
42 147789793
58 481575761898
31 772891
74 1184399370542683
71 136112786776877
66 19779864565418
56 77280167161
55 50510814560
45 794828857
65 3559431681404
11 16
23 7011
69 14003894103411
86 241391693206280108
32 314672
62 1457137799216
12 17
8 8
29 181024
18 1516
26 39546
40 92841765
58 89750742237
7 8
89 42798140775577007
80 6320763953377161
79 572247026179542
53 16150653661
5 4
64 9776805004367
14 370
20 2118
74 1235875355572353
73 793677542797118
88 84251031453391462
27 191252
66 26892093797741
11 40
37 22732676
82 1540604523569725
1 0
69 86058644354992
85 233060192183097985
52 28028775816
21 10455
70 138259404007807
27 27275
14 348
72 207902884330289
4 1
84 71981191901039391
28 302817
69 115192515573035
44 577113238
58 225158948625
32 961798
34 3327887
48 927398926
34 462554
47 708606553
1 0
26 44640
78 4861453919643667
84 115911696223861760
69 64790337048775
62 3343748969228
42 211189223
4 2
77 3029901422185058
77 4056460280685749
74 788858727383710
71 88559382247679
67 13382765609254
89 1675589465663033994
8 13
27 157350
23 7440
23 5816
89 311110428676686691
89 1555552143383433456
19 3699
60 263171113654
77 4173965437564243
71 291803131906968
3 1
42 151709018
60 908931232123
78 8397901981532352
60 1051158220201
16 760
68 2337187110286
49 2004090666
20 4811
81 8096724444162530
8 11
77 5145612459332736
53 4410842714
86 364695343210316320
39 27142941
58 47190231704
56 68910049991
16 101
20 2979
78 1112150646807048
1 0
42 5151390
24 17239
5 4
37 20231393
83 1854603298917546
40 62356335
69 38283494629664
15 349
28 4708
14 346
11 44
86 220295281417286563
72 435316304866034
85 96039576600243172
69 98733598078142
51 17912039835
38 38618718
62 570582316242
73 28717153964825
72 470629561383605
83 71057320041062342
61 2040367710076
34 844043
87 647926273541526365
74 533653625984193
49 5420612237
14 299
81 4489234638787371
87 201470576363859086
47 2653942222
44 277217989
38 14342566
77 2928611361653656
45 354349473
79 3534142371406438
72 81551914210693
71 115157772431463
39 51304579
81 23317967151782378
1 0
18 886
47 2149364798
34 3420080
8 1
33 2806478
34 3186735
79 9909686645428929
26 65074
88 159632089518296299
32 1589938
64 8922815140962
31 514764
38 38471985
63 3210488289233
7 5
77 1614363244422143
47 659501909
45 369713
40 51970218
67 44787159052119
27 192138
24 38667
50 10218326352
74 880886731189880
16 150
53 47098748917
67 40447726568039
72 7522679928837
27 193804
37 11458870
31 1215461
35 123460
69 59697424039518
66 535494919399
2 0
18 1237
40 82675459
4 2
20 2979
19 3771
23 3455
42 194702839
86 55287247871234416
15 39
52 11015873007
62 3663100317043
53 17959077551
74 262205265949160
51 9408142672
81 4929433540275983
47 2738013041
86 377431667212585343
7 8
30 728419
68 43310607547235
62 2249460084075
1 0
7 11
9 28
70 124558633924309
69 18598557921046
27 133589
18 32
58 263105591548
29 75804
18 2551
79 5705477589520495
74 583820245408888
71 43370092828410
4 1
31 908606
42 38537385
31 472820
45 568653239
84 79540832821217604
32 1487954
35 1682740
85 174203726127094909
61 1005214584247
30 328929
4 1
53 39665633070
67 1799055494646
72 248982570594157
57 7330345102
68 86371310758
10 39
69 8768359389827
78 4840760638934246
30 27367
70 130397319258787
41 60947407
2 0
75 513145680550405
77 1865131019391358
51 7397144091
9 30
89 23148339511009275
62 566173125494
35 1739667
78 6743220104069754
9 7
76 609535080407681
57 32003223351
30 768694
30 515311
7 4
61 1230566922938
86 111314902934771422
70 55654393899450
44 588678379
9 21
39 21233480
62 509608659536
38 27856818
76 715204719318248
85 156276895499023958
14 171
7 12
29 320765
48 1041615486
83 10601784348549492
80 6339759629940329
58 506727841935
52 13970215280
43 11124521
46 1598357696
49 3528538026
49 1858779684
14 172
51 20355459008
45 907515425
40 87162875
10 32
62 1623387431306
79 8762311556374998
7 0
70 142832396348803
46 1176550038
64 8145356244809
14 216
66 2698195647819
47 905416986
16 591
24 34918
68 3440683551198
73 585189967065229
15 63
19 2225
3 1
58 514391605903
